12
1126
3327
4101
619
2631
660
1087
5123
1473
828
5217
692
3318
4332
1487
3832
5176
3565
5455
4652
1351
4708
4303
3444
466
4403
3561
248
3503
5393
4940
5111
3787
2313
1705
1711
856
3826
3034
4040
5163
4276
5786
840
1533
1063
3134
5458
4319
925
2483
5838
4198
3295
4127
2316
5542
5951
3062
5901
2294
3122
1420
4757
1302
3247
3931
5546
1035
579
1873
1326
4621
5808
1943
2705
5152
3907
3473
1924
4185
4376
4453
557
1380
4077
5768
528
4214
3844
4120
5116
1705
1063
3042
1648
5082
3401
2464
2563
3351
3869
2252
2535
2678
4429
4171
337
3530
4297
5700
3147
527
4158
143
5967
2924
2473
468
1857
4660
5055
5311
3661
3935
121
2594
916
1223
3981
1180
639
3676
3585
6
3661
852
3084
5141
5221
5709
606
4196
3479
5788
448
2524
2662
2543
840
656
515
1741
2497
5400
740
871
2135
2052
4135
4510
4135
4140
1087
5566
2553
158
3137
5352
2650
3713
4281
4420
4145
2532
5711
1095
3362
750
676
1640
2473
3949
5150
1007
5018
3342
995
4087
3885
579
3312
4416
946
3593
4659
2268
4535
4918
1830
3070
1948
4933
1877
81
3161
1464
3071
2264
2951
2166
3479
3305
5605
5151
2852
697
1406
4274
2507
2843
3087
527
4896
1099
1435
3978
5545
714
2232
1684
3046
3589
3731
2035
1808
795
4838
4937
3225
5798
5205
2301
1979
313
3403
2254
1144
3736
2384
1526
2791
89
4396
1435
5770
5407
4561
3918
3369
3526
1283
5043
530
3177
2694
441
1310
4356
5300
2085
4275
889
2051
2873
4520
5130
1975
2436
3990
5737
4613
612
4804
460
1402
27
5257
2875
1219
2225
3198
3011
2263
2767
2463
2790
3465
5758
3056
4244
1607
3226
762
5415
1354
5790
886
1907
2366
4066
5789
1000
2694
1235
4936
4281
634
2219
5115
1725
4243
3899
3531
5165
686
3815
1462
2074
2614
5784
3156
1625
3756
3868
1664
5942
2917
1143
4296
484
558
2696
3378
512
1161
3285
5017
1562
3558
5110
3540
2867
404
2127
2308
5671
5001
2337
4584
5358
645
502
3160
5356
4682
2705
398
5723
4478
3214
3408
387
5469
3069
2032
1949
2491
839
315
2002
579
2990
1169
5898
4410
2283
2905
1899
598
1668
3324
3664
2001
2085
4053
1978
4258
1621
4814
699
1716
2471
4319
2831
2957
1113
3465
1674
1094
164
3534
4988
1037
5334
1071
3101
4908
3930
2136
4909
3802
2331
3611
4696
3063
4889
258
3721
3293
5685
1205
3498
245
1570
559
4717
3817
1946
5824
737
1320
1711
2816
5594
3212
807
2757
3451
481
816
2254
3445
1875
2035
1816
2850
4149
3463
3637
504
3536
5154
2298
1437
3617
3354
3100
4636
1780
1872
3700
4876
5455
120
3740
579
319
5258
2174
2605
5650
4880
4946
5940
1020
1679
2743
3205
3514
4540
1486
1930
1672
5473
5259
4519
1323
4853
4350
2863
3515
381
114
517
1723
2220
5325
394
4513
1728
3705
912
2874
4245
5339
4515
2373
5349
1636
3533
3350
3042
4544
1293
1322
3275
3690
3435
4788
3287
2153
1363
4631
155
532
2771
285
3025
23
5175
4885
442
2172
3406
2548
5223
3997
4979
2011
2318
2177
289
3789
76
4982
5572
1047
4379
5633
5563
5379
2060
5792
3789
1670
1058
851
1439
3242
3738
3729
4745
3463
2812
835
1810
1005
2315
922
2826
2947
3045
4485
617
2898
2940
412
5435
345
5792
3565
4969
4397
4766
5987
3479
4115
147
5411
3010
4629
5749
1770
2615
3215
1442
5390
4532
4518
2206
1552
1241
3131
3179
5115
4348
2682
1118
5881
5237
5651
1710
4402
407
1082
3186
4896
1460
4385
3661
2985
657
2421
4636
2914
3984
2043
4118
5972
670
5295
5772
4765
5092
1452
1556
3061
4003
3084
2280
5877
5020
337
1514
5497
1317
4611
1288
4115
447
1838
3030
2786
4245
4530
2164
3366
3739
4789
3818
1152
2009
5480
2074
2873
2940
3735
198
5754
2787
1986
2287
2321
515
4713
5775
640
3828
4099
3228
4676
4842
2768
4872
4463
4324
4803
286
4768
4453
5232
2705
3940
1022
5159
4362
5629
3029
4744
4315
5063
2594
1203
3183
2576
1138
4027
250
4060
2756
4598
1349
1049
2733
2406
990
4105
2130
1029
1141
2200
4387
4088
129
5783
866
2352
2074
4221
3292
179
4306
1294
4006
493
1204
1438
5995
2464
3883
2421
3604
3099
182
5143
1898
2923
4375
237
3590
931
1057
2178
3490
3011
4630
564
3391
5017
2833
1276
3349
4679
5756
3191
293
3548
4770
5145
3879
5146
2808
2828
4564
528
4445
4301
5801
1424
1208
5820
1317
4170
2550
4657
3399
4593
3933
2606
3129
1050
2451
4858
4510
3819
5438
3935
1409
5997
4491
1369
3268
134
4343
2820
2512
1749
1044
3307
1593
1955
4855
254
4610
2347
2322
3029
1436
361
952
4668
5305
286
2928
4469
3770
2112
3313
5144
4001
1410
3162
1222
2332
424
996
2376
5017
3566
1072
381
2116
3498
1869
1377
3457
2997
3263
2124
2614
783
1788
1946
1827
4494
452
1046
5811
5009
2528
4875
3398
5291
3767
3251
924
1954
463
3910
330
718
3809
5181
3894
5971
5994
5464
4534
5595
2451
209
1631
5262
3730
4076
1292
1384
3396
968
5005
898
3419
3622
5620
1083
3479
5443
587
1593
1624
277
5393
3882
2725
2802
5143
4232
4157
5227
1204
1552
3151
988
873
2140
1254
5128
4985
601
2323
4047
3409
3104
3509
4314
3375
168
5656
5220
4552
3154
551
4766
5835
3673
3475
1777
5763
76
4476
1817
3516
4218
2816
1604
4414
4695
4023
1611
878
3729
5981
3535
4769
1892
3508
322
55
5861
1844
5444
5735
5382
2501
3107
3970
643
5902
4076
1346
2233
255
4820
2209
878
5086
4636
15
3143
889
4474
5632
4289
5309
4122
2519
462
1314
5451
3742
1420
1777
2413
4741
1964
3917
1463
803
5283
4037
5107
1168
2375
5985
2261
4708
758
1788
101
1126
640
1889
3099
4592
5739
3431
3933
3778
2952
4013
5945
3205
4036
3376
3863
3864
5522
4433
2438
2025
2018
4098
5714
4192
5106
3346
2603
5125
5018
2937
1454
4881
1274
2251
1310
5795
3476
3658
532
5355
2437
3878
2485
3902
4840
4751
4967
1083
5616
869
5073
13
3215
491
181
5071
3973
1204
4746
2262
758
737
3587
4105
4077
387
5364
3961
2833
3490
2922
5746
4931
2369
4190
3975
4901
4198
336
2065
4744
5231
4846
3835
1174
5809
228
143
5457
5614
4027
5605
3015
5577
829
5310
3013
3899
5959
4501
1081
615
1540
5133
5384
4133
4616
257
3223
201
2019
2166
340
2715
5672
3242
4137
2834
5013
5437
4977
1818
4221
5330
763
4035
4948
4693
4987
5575
2230
5511
5427
4906
4265
5387
5685
5008
5756
266
2748
3431
3500
4428
2777
5702
1905
4677
280
4532
1130
2667
4890
2243
5540
2300
4913
876
3148
141
5840
1392
1747
3777
3020
2425
408
4067
2659
4014
42
4209
4359
746
3705
1581
5366
5764
2334
1268
5718
60
4613
5233
2491
4508
4635
2065
314
1053
72
3228
2351
2512
2520
771
2941
3423
2722
417
70
3364
342
4981
872
3194
992
42
2353
3656
188
2829
4503
2762
931
4226
2012
3417
592
2863
5753
3705
5798
3215
4236
5288
4997
2652
212
337
5397
1372
2618
2454
3963
162
1043
4008
5161
1917
924
3324
3133
5866
2625
2168
4993
4422
2621
2960
937
1619
1954
2162
5844
3051
4149
3257
60
2267
5792
3789
2057
3551
3941
3871
4648
4021
5565
2610
1448
4998
3201
5901
3271
5569
4011
5996
1143
286
4427
4318
3632
5946
3579
1936
3165
1372
1681
5146
5033
3152
4576
594
3768
5263
4615
1387
4578
5516
1068
4609
4526
2765
245
3705
1143
1816
4526
4152
3165
5970
2473
5857
3077
4145
5226
2733
152
4501
3361
4868
3674
1528
3398
1750
3031
503
153
3962
2373
4290
2120
3800
4505
2385
2053
4245
5726
5173
3972
4729
278
1313
4742
3131
2110
1202
5434
4440
4636
2451
4655
5524
179
4304
1028
444
3784
2955
5007
5745
5087
4675
3226
168
2935
714
1560
215
4438
894
89
4009
5141
3841
2152
882
4
794
674
1137
5883
4919
1968
1403
1185
5079
176
2051
3405
3989
4563
4071
4215
3689
2829
5885
800
2293
4638
5498
5130
2919
555
4459
5848
2770
4561
1040
4473
5283
3360
5087
4597
5292
4640
1981
3761
2137
1488
133
4706
2663
3149
5464
5688
3041
3310
3308
4525
1353
99
1162
93
5877
4983
2735
1932
1000
4763
2720
1667
3720
5841
4745
922
4644
4950
1922
1417
4450
3546
438
3941
5722
26
1632
5874
3122
4987
4985
1970
5812
1688
1467
2055
3084
4927
1680
4364
3122
2491
2226
4173
1842
4402
750
437
5736
2115
5076
2101
1677
2872
2906
2797
3601
1396
5475
3580
3015
114
5649
4433
1274
92
5856
2181
4543
1875
4325
5550
3412
4413
5052
3016
4074
5269
5929
2158
1016
2289
483
4196
166
5924
1659
2401
419
2397
3078
50
490
2885
222
4650
5032
4933
4961
76
946
1255
1889
3338
3835
136
1876
3657
1530
602
3298
4540
2621
561
4368
2525
4951
5099
3010
3316
1984
5104
1714
4964
4002
1430
1812
795
65
2770
4604
3778
5670
433
3777
1008
2042
4205
4564
1998
2009
4501
59
5475
375
4963
144
346
1755
2730
1458
5546
3793
531
5843
441
2696
5817
5717
2479
1042
5102
1790
5767
781
709
1582
1281
3373
2102
4171
2376
0
5002
3603
2294
3788
459
4414
3356
4988
5087
3690
2528
3028
4628
5114
1038
2402
51
1419
749
317
364
2715
957
3034
1325
5085
315
2855
4247
938
5565
677
80
3507
3762
60
2954
965
1690
3746
4380
4582
5139
4560
4284
4361
5748
1641
2076
2591
4092
3932
1927
4760
4702
3868
5456
255
5706
3202
3996
4296
2778
1904
3646
1536
85
2077
5289
773
5919
3814
2754
5194
5692
2947
5324
5607
4001
3619
3771
5091
2431
1619
103
2497
4792
5413
2219
3247
485
2815
1643
2859
5665
231
3550
5643
4905
412
1243
3
5053
3664
293
777
1940
434
2511
2064
5668
4229
954
4966
3126
2793
4139
5683
3456
2484
2664
405
3124
1785
4421
433
4312
2895
3577
5968
1301
5327
3531
4005
2538
456
1017
4766
3071
955
3547
2128
5053
4054
5381
4449
977
561
219
3261
5359
584
3783
2258
1530
1888
2499
4010
3246
3822
5452
4839
1791
4771
1809
3317
4258
2038
886
789
5712
4131
5069
5386
4901
2362
2745
5961
2219
1714
5467
5364
5603
3905
501
1527
1047
588
4983
5768
3429
1625
2837
4771
328
379
4666
3667
537
2943
5796
2654
5927
5269
4653
2611
4393
3110
676
113
525
2733
1942
1313
1730
3325
3685
3115
459
3037
3920
1074
2259
5604
5331
2466
2306
1476
3633
1966
2131
2394
1579
364
5217
1364
812
5762
5147
2942
4742
1699
1007
1785
2642
1614
5717
410
4135
117
3987
4075
4289
482
5576
5747
2471
815
553
1072
3175
4318
4240
4301
2007
2103
4521
3101
4997
5989
5219
3189
448
1705
2211
4725
3501
1963
1980
1413
2593
3813
3287
229
12
5735
3653
2729
5729
2895
5337
5866
2696
2009
4496
5261
788
4248
4216
4850
5596
3625
5104
3871
1238
3301
2126
1096
1394
1241
1372
5276
3734
1672
1455
1712
3943
3761
1203
1912
519
5972
2362
245
2538
1517
2971
558
1569
3359
4115
2669
3934
2195
1732
3694
491
3846
4172
127
129
1519
5184
3625
4175
5349
1023
2428
5880
2677
5376
1348
190
1497
771
283
3978
504
2176
2165
5932
2188
3470
303
2276
2408
472
52
1525
887
5213
736
4454
2053
5143
4779
4466
2687
3962
3964
2552
1787
1760
3774
4027
5112
3143
5740
3234
5822
1056
2741
1399
3669
971
3185
3821
2163
3131
1026
5596
4157
1545
3528
2055
5289
1415
3739
3099
5718
5681
3598
3629
3583
2379
4615
3255
2643
5494
65
3460
3509
996
5633
3429
4929
743
437
708
2545
1951
1387
5897
5578
905
4796
5553
4859
2603
198
2499
2659
1022
294
1719
1744
3695
3984
5036
4107
3281
4395
2746
792
5817
877
1416
3278
350
866
4012
1827
3614
589
5557
3259
4466
2519
4509
3584
1748
4532
3032
5917
2270
705
2366
5137
4610
681
2468
1704
3394
5553
122
2084
3780
1194
696
2217
2794
2968
1747
1469
5239
2778
5646
1497
839
2365
1421
1469
327
1809
3001
4084
3145
1169
52
1816
459
4194
4589
5827
164
4051
1553
2986
3580
5994
4538
5433
4514
926
863
120
381
4785
5168
4774
2072
5689
5723
1710
2257
5781
4644
3942
2805
5713
2196
1023
1018
4699
373
3052
5357
2087
1944
2287
4352
1374
2151
4800
1386
2610
3249
5615
3035
2129
1066
5763
1651
3533
3788
4689
1889
4890
2139
458
5844
2052
5155
3186
499
3058
730
4144
178
3547
3136
1962
1668
2119
4682
4379
725
5579
5730
4976
5631
1016
220
3322
4500
628
926
1976
2016
4264
5601
789
4295
3588
223
5924
1553
4822
2511
2057
1269
2006
1907
1176
5537
3701
3214
2422
3282
3079
69
415
3039
340
1449
2498
2978
3391
3385
329
1864
1719
5082
277
1629
1409
3634
4038
3266
2227
502
1930
710
4724
1974
2279
4406
279
4767
3364
3245
2041
2967
3329
4564
3683
1508
2524
886
1926
349
3692
3099
5758
572
453
753
293
2555
1523
1164
4201
5426
3090
2018
2650
1992
4810
1159
2702
2300
5829
241
5088
2063
4304
3950
1315
1089
2823
1458
27
5942
1198
3825
5573
1998
3037
4013
705
3094
5556
5208
354
1947
5054
2147
420
1550
5495
1117
2503
4710
2631
5335
4527
3932
3112
3378
191
4823
3002
1367
3173
5223
3165
4582
1041
5225
3932
1190
4795
295
2504
3799
2989
2662
1523
3490
4359
1178
4248
41
1904
830
4769
5027
353
4086
2714
1467
5956
3278
2859
2726
532
2190
5103
2347
2728
4055
5234
5507
4404
2141
5922
5775
5092
108
4389
1876
4477
2342
4169
2127
1816
1430
5429
3257
251
4977
3258
5273
4940
2959
2377
1081
958
1778
5705
2537
1889
2228
3221
5619
5057
5550
2552
4410
4338
2760
1727
4572
4473
1447
5547
2009
1835
3219
3987
3401
1590
3994
2080
289
164
2310
1727
3419
2995
3859
854
1004
463
1421
364
1623
1971
2380
321
1416
3091
5029
5804
282
3733
1833
5859
2759
247
844
3
2273
3428
5461
5702
4448
5334
3709
1270
4163
872
3244
1620
2039
5080
1248
5317
5051
4045
3424
4348
944
2401
5264
5072
1150
3331
1779
5768
3886
23
4888
5229
2124
511
2642
5835
2116
2844
1476
1549
3174
2507
1680
4260
370
3055
5263
2924
2873
3871
2416
4937
3580
2006
5752
172
754
29
501
3125
1337
2823
5871
1599
4644
1273
1737
3377
4102
3775
5866
3301
5750
5505
1852
2218
5163
4391
2954
2215
5497
1724
25
1578
350
330
717
3931
4111
4274
4154
4968
5497
2994
4252
1241
4959
3834
3885
2413
5647
5896
1072
1445
4627
3157
1383
4128
4020
5781
5750
409
4768
5569
3856
2952
2717
488
320
5364
3677
4204
1828
3524
5187
5571
4428
4464
3632
2001
5161
4216
4434
5664
5223
3092
3979
2445
4833
3809
4982
2601
5014
911
3970
1058
4456
2925
579
4278
661
5673
3343
1641
1553
207
3666
2276
2731
5769
666
3271
2579
1247
581
4223
4388
3537
1417
35
5699
4268
527
918
2049
1316
5821
5529
5305
4551
4275
189
1777
249
439
98
294
5616
631
1518
5433
5843
1499
4827
90
1153
2645
1405
573
4264
5988
283
4417
5700
3571
5485
2095
5402
480
2011
4823
2071
2579
5396
1641
2670
3731
4773
1956
3541
4216
4395
4742
5559
5008
5539
2580
2771
3618
1728
5719
945
2178
3231
2358
5487
5466
1744
2329
5140
1543
5218
2368
4916
4704
5762
2165
2701
3426
4552
5379
4959
994
4692
2805
5982
3507
5965
3877
2122
4932
2400
5708
1438
3911
4609
1833
4200
4
3822
3866
4684
4041
1551
4233
1702
4299
3837
3198
2294
1163
2009
4343
31
3973
881
5704
2359
747
2351
4743
4418
4456
5313
2357
1791
548
1835
91
5596
1411
536
5757
2378
2445
3099
5650
2232
3453
859
2527
3589
4024
1404
5565
111
4601
2121
5461
2127
5917
4631
879
56
2495
5050
1422
4236
4887
13
1314
4619
2355
3389
4994
2753
2663
5639
2789
1500
689
2754
1876
2915
525
2688
4697
1735
2761
4259
4034
912
3644
424
923
622
1794
880
595
5195
5164
5937
4627
5401
3937
4571
2502
4526
4040
637
4757
3683
2971
2133
907
2785
2621
1496
4330
4631
775
1831
1319
526
1992
3038
2451
2889
1534
2759
1508
1278
1052
4085
4089
3263
3698
962
3148
604
5358
5243
3599
4148
1698
2298
3218
5904
3704
1151
1995
5711
3403
58
1150
2967
2461
3471
3977
817
3333
1332
3727
1280
3662
4625
698
2712
1617
127
3732
2080
4838
2297
4296
1451
2708
5236
4346
3160
2603
666
2157
5078
5842
2850
5297
4423
5992
403
4950
3555
5247
3929
4758
2185
5543
1413
2389
5443
108
2321
4995
2234
138
326
767
3332
2275
5622
3766
3632
3586
738
4220
18
5724
804
1470
1268
960
207
5758
5437
1770
4570
44
1165
4679
1991
34
4338
4025
482
5614
536
353
3544
5869
2721
5112
2820
4889
4585
4358
3754
2525
3010
3124
1205
5314
2064
5179
4940
1729
3986
1834
1962
966
1579
4496
3589
3444
1467
2659
4240
2204
2640
2015
5853
3398
1734
370
879
3064
3471
2059
1788
4352
5715
549
4025
412
3562
5902
348
1124
5914
4806
5498
4841
973
1853
5125
5366
2086
5737
3912
1316
2390
1095
2843
2085
5675
3634
2538
3578
3931
5271
601
5915
2986
2946
1924
4287
2697
1816
3864
1144
3117
494
5260
925
3080
5048
1202
5485
2642
1425
500
1442
5817
5000
3790
5599
5037
2930
3221
3654
3792
4009
1642
4370
4860
5700
4248
2395
2595
3049
4608
5928
2682
5140
2018
410
5823
3818
115
4424
2767
4326
5695
5007
1138
2576
1659
547
5498
721
3041
4456
1069
5729
2046
3807
564
633
1033
2134
567
1164
5389
2552
2881
1426
1226
427
1310
5336
5842
3742
5279
1481
5875
377
760
106
3101
4474
3926
1907
799
5080
5965
5322
639
3256
512
4
5001
2836
112
5162
4702
3028
5176
4470
1031
2044
5838
4212
52
5937
4187
366
4108
3854
5277
3308
4456
5862
374
1824
5983
2565
4870
3119
3929
2682
304
509
3561
1773
4919
5484
2731
2307
2213
1829
4263
4265
5890
496
2099
2445
2685
4899
2145
5678
3468
5343
3750
130
4084
4248
2768
3885
2362
4886
2118
2990
4729
1283
811
153
862
4004
1345
2278
1828
1497
440
4036
138
5673
3026
3638
1156
3432
428
26
2302
4803
699
1634
3485
3392
4016
1950
3206
3829
5091
21
3763
3898
5534
3122
4001
2038
4103
5765
3044
1904
1771
2234
5441
666
1562
2826
3169
4756
4085
3012
2934
5723
2704
1671
2194
1904
3278
5611
354
4588
420
2553
2570
362
1205
1763
588
337
4252
4533
2072
3919
1149
3678
2844
1836
4126
256
3482
2098
4933
4689
709
5573
854
4470
1015
4873
4791
3653
4947
5243
1369
2302
3500
3123
5981
3099
1058
5089
2723
3282
4310
4848
2155
5124
3583
982
822
3114
40
3125
5475
5047
3157
1259
5926
3203
3940
1823
5482
801
4312
3313
4885
3924
93
3066
710
86
4037
3921
2137
1650
342
4435
1058
1265
1079
1338
1443
1522
5975
5938
901
2013
5995
1128
384
3975
149
2718
962
5717
3965
1750
3606
1009
1074
5511
928
1622
2337
1898
803
213
1943
4861
4815
2731
939
5580
5468
4541
1606
5079
3090
3452
5130
962
4381
1832
7
1955
3532
999
3607
2948
3853
85
358
218
2855
2539
956
3519
4716
483
72
4744
1070
89
2961
3817
2065
4167
442
3526
4608
3165
2656
1981
3756
4754
5069
2374
180
3185
3130
2736
1639
2619
1044
3383
1402
1609
5083
726
3559
4913
877
5142
155
5845
1129
3598
90
5335
1176
694
2708
4894
852
4844
4035
3662
2076
3249
582
2748
2610
2382
663
5016
3422
3642
2166
1540
2091
2893
702
4889
1694
3547
5089
442
1613
5908
4084
1920
5692
4437
5332
4314
2187
3644
433
2413
4959
292
1099
99
2314
2588
310
4615
4968
4066
3431
2978
3542
835
1205
4738
3046
5891
5577
4261
4774
5172
2278
729
1058
1044
1107
1041
3317
3916
1852
5800
833
3654
2782
5589
2693
3499
1655
5697
345
4164
2170
4507
3187
2803
5812
3722
2643
2542
2015
5619
5157
1249
2589
3512
1533
3244
1350
4626
1086
4628
881
1557
4003
1921
5369
3504
4388
4692
1458
1477
5404
5882
43
2647
961
4487
4957
2043
1384
4307
5483
2771
3495
5438
2622
953
561
2202
4064
4561
4523
4190
3797
2352
1960
4119
1286
67
2226
5187
4169
4109
3184
1606
3396
3857
2991
1013
2760
838
3353
428
1751
3911
712
4476
1669
2674
775
3522
5940
271
4847
446
564
3792
3384
3710
5645
5441
3222
3436
3923
2684
3912
4157
5264
534
3586
4944
5030
2184
3823
588
5276
3169
3914
2535
711
1236
1994
3244
2356
1122
5464
2678
834
2421
2141
2593
2246
3725
2580
3332
2545
5232
2999
4794
3370
1010
3248
4282
1261
3093
1256
4905
5201
4612
2400
3226
2415
2136
1226
5846
5378
2416
3967
1607
3947
1722
1286
5107
3577
954
1689
2205
3545
2718
5049
3214
123
5556
2663
4467
637
1516
3298
3935
1357
4246
3652
3598
5136
5809
4666
243
1761
3392
4138
5391
4930
115
1060
26
2814
1104
2127
2822
123
5047
5849
1552
2619
382
2705
4374
2029
2342
2786
2672
4265
2015
3342
136
2917
1628
3695
1788
943
1229
3943
3626
496
2955
4892
2563
3819
86
5659
1387
5163
5059
4375
4378
4645
5633
4438
2319
5995
5395
1742
2546
5130
1798
3329
763
3487
3904
4883
4273
5055
3040
1539
3342
1048
4537
1400
368
3143
3749
2238
5542
3242
2534
2790
703
4672
3392
3109
2051
2780
5440
5378
1427
5846
5412
5659
841
4263
3882
5989
3925
2912
1878
1270
5012
674
94
387
1527
2023
3880
3
4368
4618
4188
447
5973
5859
3681
156
760
2318
4176
4090
5621
996
615
566
1169
4352
5749
1957
5409
17
732
1665
2542
1153
3795
2845
4566
384
2202
1283
4380
3242
5674
5884
2072
4055
2458
3204
1072
4228
4243
3463
5871
1848
3098
2472
1981
4545
2628
2918
3829
561
531
1444
1278
5947
746
953
4447
2840
4378
2592
5535
750
3584
825
3323
5793
5619
2065
5052
3820
3215
273
1359
358
2491
1986
2950
1323
577
4194
2725
1424
138
5511
3
2210
993
2079
4571
691
2007
634
1223
464
1447
187
2484
4296
4998
4738
2202
4088
5607
478
5702
5171
4364
1903
3189
4852
595
4291
2075
4169
2356
961
2936
2780
3517
4775
4774
1924
2624
4298
2275
1397
3729
4068
752
3473
2365
1410
5458
3717
4867
1226
4958
5619
220
5208
1245
2988
4617
4904
4295
3052
1924
5074
1736
4185
2237
4784
1331
1216
5705
4662
957
4247
3834
3758
1762
5921
3429
456
3200
3076
1386
2853
5620
1719
3503
3073
1105
3274
3515
4915
2238
3013
3521
5318
5497
4638
4010
1036
4955
3927
2661
4991
974
5400
2103
5733
5585
926
5836
4437
1239
4223
2488
2883
4619
4180
1594
4855
190
2938
1099
395
3193
1680
3760
1349
4753
4041
4632
1646
4796
2110
841
2738
5468
2931
5815
1657
2731
459
5170
4104
4829
4905
4437
2025
1324
4394
3810
2101
1363
900
2118
2600
4890
1369
3194
5011
1473
3984
833
5919
4441
4501
5531
1543
5020
2599
5186
4380
4145
3181
951
2393
657
4554
4433
4177
3541
4443
5406
4546
922
3763
255
1976
1494
3084
312
4333
3066
1744
2283
4346
3916
526
1956
5233
1645
5855
3370
5941
5214
437
2639
2428
4851
4291
614
4425
3513
5098
5575
4111
602
1820
2134
4154
1608
516
3542
5535
4376
2285
1590
2608
5681
2298
3278
5824
2798
3834
4458
1567
3758
264
5628
1523
2973
923
4057
1041
1922
5813
1449
4904
1577
5052
3314
5955
4272
4043
1249
3022
5687
259
4297
3570
2638
2617
2595
1519
3372
1360
1480
1670
37
3382
3253
3176
4027
4948
2774
1487
1886
4733
94
5222
4457
1125
294
1386
4965
4730
3735
3388
718
4004
4887
1287
2124
4971
2944
2706
3696
4945
402
1852
2747
3203
4785
5074
4450
4547
3716
4410
2962
4689
515
3549
3292
3396
2508
5641
1601
4332
1239
1412
627
5549
4778
5000
1913
5535
5299
1965
3537
4786
2126
901
5022
3822
5431
5091
119
1592
2772
5646
1143
1202
5657
4556
3566
2905
2329
1103
534
3290
5939
4064
4009
4608
329
3139
2218
5172
2573
4060
2100
4770
2496
794
2436
2024
4339
1291
4348
5640
2766
4217
860
476
4400
1102
4203
4383
5066
3343
4555
731
3950
498
2898
2582
833
5320
5690
3433
3613
1944
4027
4472
4288
694
4996
5283
4591
3922
5888
3936
1463
2334
2982
1407
1560
4234
3565
2248
4968
1116
891
472
3323
4059
763
2560
4522
348
5414
4554
3207
757
1398
5152
5221
2952
1150
1757
1208
5421
4929
3416
3562
5396
4815
1575
5893
1185
5448
4604
3219
4369
3208
5015
4049
4278
512
3320
4566
4214
2917
5462
79
5827
3729
3758
3947
1107
5781
2293
5149
4413
1097
697
2702
3986
103
3250
94
3377
1090
3245
1943
2232
3610
3553
4055
2872
4490
5326
1071
97
2161
1769
2890
4668
1975
4928
57
3884
212
4427
1311
5710
5456
90
5459
3879
3027
1389
790
4419
5164
3649
4198
5027
2635
1963
5206
1747
2480
4729
1083
4365
3545
5775
239
2984
4528
2984
82
5198
4202
4380
2526
2311
4508
1589
1346
2035
206
1634
4552
4106
1779
986
1983
2260
3264
4812
1303
2996
1702
5370
583
570
3907
4468
2664
664
1218
5939
5486
2150
3948
3062
1565
5404
2190
878
4813
4601
4695
2319
5883
2424
4486
4108
233
4627
4910
3352
2087
2901
2814
775
2490
5456
2522
1524
638
3787
5312
5490
674
1027
84
70
1138
2363
1881
1327
1249
2914
1989
462
3227
5542
2269
5560
4820
2009
3428
5525
3234
3929
5912
4157
4661
2952
1102
5305
572
617
5515
1024
988
5307
1681
5690
1889
4749
393
1994
979
3496
4018
3769
4965
1821
1552
5570
4554
5477
3108
5958
4361
2736
4527
420
5891
4173
3797
4862
817
3606
1968
5616
4705
3652
2250
4892
2403
313
5979
3625
3267
4057
1152
635
5413
3807
2195
57
1183
5287
4677
3969
3017
2166
3630
153
5912
5424
5195
5932
3658
1396
252
4025
5042
5913
3736
5337
5200
991
2326
2653
2314
5496
4195
2141
2828
233
3498
4626
3392
885
5301
3561
695
5249
1629
3631
5393
197
2321
941
3320
814
5383
701
2154
1131
4524
1372
4740
908
2563
3199
5256
5898
2393
56
5403
4021
4196
568
2804
903
4584
1423
2820
3203
2369
821
5942
3171
636
5001
3965
2874
3815
1779
3130
5529
5436
4032
5417
377
1252
5070
2171
536
5426
2837
1267
4280
2461
865
3978
5161
4565
4935
758
5435
3132
1373
4101
2213
2041
1914
1690
2780
5442
3085
4001
2523
3731
5038
3566
5895
4395
3763
2071
5870
1413
5627
488
2305
1906
2182
412
4665
3723
2163
1810
3537
639
4627
3355
377
4873
4165
2534
1922
1592
2128
1733
2712
5106
801
5457
151
5431
2460
2908
5549
4909
2259
5073
5582
5578
2876
4542
5612
2974
3860
5217
1291
3049
5610
2121
3904
3908
4931
4470
1877
1033
4109
228
1886
5696
4417
3299
2019
3237
32
3568
4407
2909
3251
2963
3781
3964
2989
5739
5382
5670
1467
2156
2664
5954
1036
5757
4224
2356
2076
3410
4410
5969
3912
4329
5021
4071
3672
5239
561
2126
3037
3878
4468
2844
5809
4040
4762
4986
4251
314
4547
5601
3113
5742
5812
4390
1306
2557
1954
5870
4148
5203
5474
42
4111
1815
2280
1241
3037
5358
3027
5850
1721
4601
4943
2583
5829
4120
4570
4005
4079
3514
863
4997
3612
3026
3079
4825
512
5753
897
4535
385
1635
1210
2333
2969
5401
5014
654
5672
1679
4853
5598
16
1438
2228
2430
3891
2960
5440
1821
1578
1524
1275
2522
2470
2998
4995
1168
428
5516
2046
2876
2714
431
5944
1357
433
4741
3763
2192
1425
2160
1664
3997
3544
3027
1910
5132
5265
4252
3793
4668
3541
5468
3916
5280
3876
587
4279
4763
4520
4950
3580
1857
3747
1252
4192
3070
4140
2428
4251
2179
2829
697
1272
3109
1613
944
762
3867
1906
3627
2237
220
448
3404
4105
4811
4709
656
5837
2394
5939
2102
864
4877
783
1698
4657
863
5413
1989
3393
5373
3108
1123
5677
4438
3218
5701
4743
255
2460
653
3570
5587
2466
2331
350
1092
535
7
2760
4280
5525
1953
4455
5773
1812
3304
4229
5567
3264
1891
1289
971
170
5210
5065
2921
1042
4750
5003
4353
2257
4834
4775
1319
3450
4184
345
2540
3608
5381
332
2079
5805
4421
4092
821
1508
5546
5985
3448
4392
1537
1229
4608
2613
666
1812
4936
1456
4478
1876
4653
1317
5614
3023
3401
4943
5835
2973
2008
868
3455
4018
4888
4993
4366
4706
732
5233
5835
1190
4212
5183
1270
3687
4354
5722
3136
4478
4296
518
212
4885
4088
4346
2374
1674
3256
4174
5094
4304
786
1943
2843
1477
3237
2990
3580
2413
657
5039
5519
5298
4999
3710
2368
329
2721
3468
2205
3814
252
1973
214
2741
2025
2739
4430
4273
3745
62
709
3594
2602
3151
4098
4550
5098
1387
4795
2518
4183
3663
3886
3948
2390
5734
1046
4005
4653
512
3394
2757
3495
5255
1686
5342
271
4576
1039
2555
1167
5210
4365
3290
1622
5493
5710
1268
5878
3459
5682
1511
5334
2531
4160
968
4401
705
460
753
5536
201
4160
4430
149
5485
2765
1773
3069
4627
3393
442
3257
3913
4684
3022
449
2661
4105
3850
422
2173
4847
5073
574
1754
1502
372
488
3759
4700
3799
3191
4569
5900
147
5779
5470
2527
2307
5101
2348
2623
2041
5189
149
3227
5611
4122
5034
5648
702
1014
4178
1835
4069
803
134
1012
365
3542
1719
795
5558
3878
2338
1948
5407
5387
3705
985
2404
3485
1884
5796
5649
1573
5586
2490
5065
2121
3677
2643
4416
1373
5815
3126
4555
1356
1159
5725
5335
1894
1096
711
1630
4293
4918
1574
5896
1411
375
5090
714
3777
65
5918
3751
4458
3579
5910
4578
4361
344
3328
3774
657
5110
4142
3772
11
1002
4616
1861
1309
4090
5352
2804
3571
4407
5987
5489
1729
3350
4730
5070
1972
4412
5932
1017
1330
3170
5859
4532
5195
1476
1880
5743
3461
1779
1238
2148
2978
528
2598
708
993
2587
4560
5056
3283
3589
2333
2249
1653
4187
2731
2496
2499
3130
718
2307
3112
3090
1646
2497
1412
200
2415
5480
1818
3221
3710
3301
908
5287
2518
827
5588
2160
1114
1549
1438
3935
5695
424
1936
2133
2856
1202
229
1114
1094
667
2164
3756
5519
5230
4243
334
985
4328
5199
528
3789
2036
4889
1516
5163
1360
1173
4070
4728
634
4484
5607
5094
4452
2766
4120
3806
587
4467
1945
3815
1330
2286
1273
664
4677
3351
4380
3579
3817
4510
4476
644
2342
4444
4141
3258
1634
3266
5267
2059
1851
3305
1450
5490
957
3770
770
5219
3236
2956
1892
3574
3719
713
5434
1203
1970
2840
1530
2125
5666
2098
3529
383
5401
3537
2774
5465
1165
2820
4386
4696
1925
3223
1000
3777
751
4011
2389
1670
2921
3877
1911
5002
1441
119
3718
4196
1429
3250
3661
4487
5781
5744
5839
4049
3578
2568
3717
382
5654
2229
1752
1168
769
5996
479
790
2835
1992
2975
673
2603
5851
1648
4667
294
2613
3292
1640
4560
1560
3340
4468
254
4669
3246
1626
4428
4373
5955
4545
2991
3321
5375
4943
1486
3821
796
1299
393
1651
4209
4678
2431
3932
5433
3074
261
3745
1013
4470
4059
3185
3820
5807
3367
5531
1276
2032
692
2228
1166
2430
5256
1365
954
423
4363
3334
1549
2013
4802
365
3463
5074
5739
1614
4285
4665
1514
4501
1422
560
1807
3978
1042
4182
5588
2425
1143
3124
300
3845
3711
448
712
3063
5875
2950
876
1605
1022
3578
3624
948
5795
186
1051
4829
5911
5821
4412
5303
4749
2719
2876
2230
1634
5208
3572
884
5750
3697
2368
1374
2641
2947
1813
2559
3213
4803
3689
4144
2188
4577
2607
5650
5950
1278
4076
3945
4704
860
3500
13
913
695
3522
4668
4913
436
163
5878
1686
3482
3201
1403
3694
215
3198
5433
1728
5198
4653
898
706
1531
1689
4162
361
2549
3714
3767
5748
38
5514
5929
5517
3172
3189
2458
2881
3356
4392
3814
1228
3150
2289
956
5295
4476
5695
4700
5869
4288
4807
2250
2923
900
994
3609
5149
5139
4049
5541
810
5546
5373
3786
5854
1774
4511
1203
4231
1396
1477
4538
340
4307
2314
5496
4557
1890
4319
4816
3772
3166
2377
3023
1874
1078
835
4556
2122
5124
354
947
4347
5517
4188
3759
2904
1060
1307
2944
4339
3921
823
5332
2673
3496
3140
4922
3280
558
273
3673
3262
3860
4776
477
1281
4399
1710
1003
4776
5515
3090
2103
5503
4017
3254
3457
5336
529
2585
159
3272
232
25
2918
1568
4202
1823
3573
1952
516
947
4601
1849
3337
4606
307
3554
5135
4307
4391
4294
4264
1905
5567
4109
3051
4056
5930
5503
614
2538
5763
5784
1570
2861
5452
4051
4842
4603
2222
5748
5738
1919
4365
4731
5499
3654
4648
3790
1494
3501
1595
5546
259
1634
4330
4686
2564
2264
1663
3448
2689
4551
5109
3315
5111
1302
2529
837
4773
2911
4083
531
136
4954
5172
797
3189
898
72
1773
1621
353
2929
3090
5326
4300
5826
4438
434
5738
4580
902
3063
3191
3988
3994
5971
5503
1183
2327
4291
3363
2805
852
1558
4
2664
4618
2185
4500
5588
1977
5601
2113
145
5173
2228
3113
1921
5261
4480
4524
4041
1281
4985
2218
4628
2637
3201
1806
1884
2611
4627
3763
476
1947
1792
1209
3919
2456
3204
1812
643
1560
5454
4218
2432
3727
4665
472
4923
1735
2458
856
844
3691
639
2575
5694
4747
5791
743
4539
3465
1951
5102
1620
3743
2562
4898
3455
260
1899
1372
3121
2369
3139
2292
417
4373
3277
1962
5576
5131
4059
3156
1226
2923
1148
2395
2289
2514
2670
1033
2494
2354
5369
5561
1201
4852
3528
1585
1226
5667
861
2906
3344
4940
4552
4147
2162
2418
1637
4356
3059
1404
4916
2031
4860
1459
572
2997
3955
4819
4700
1580
530
4430
926
505
2617
2575
2291
5973
2625
3999
3620
3329
71
2494
1526
5784
3171
859
4261
1615
4992
5198
4595
279
4856
3466
5908
2890
4668
1225
2686
1477
2870
4532
5603
490
5706
4898
387
2952
481
269
2642
2740
499
4941
1832
3388
4380
4379
4597
2885
3432
5845
601
884
5764
2798
1091
3767
